0 0.487031 0.431635 0.0732149 0.0601997
0 0.442484 0.522336 0.0923742 0.0696395
0 0.457975 0.726511 0.0917726 0.0703274
0 0.314823 0.369152 0.067095 0.0601198
0 0.122818 0.693452 0.0750695 0.0548227
0 0.112971 0.690658 0.0599317 0.0454588
0 0.100302 0.449385 0.0742744 0.0575104
0 0.456578 0.727682 0.1279 0.0928792
0 0.235168 0.655411 0.063804 0.049315
0 0.107291 0.691099 0.0721065 0.0540257
0 0.460705 0.243833 0.0664896 0.0587474
0 0.500804 0.4305 0.0918292 0.0711534
0 0.252087 0.649126 0.0985483 0.0579939
0 0.413601 0.353994 0.067745 0.0538962
0 0.449468 0.240631 0.102952 0.0757176
2 0.187395 0.380435 0.168925 0.11766
