2 0.144305 0.369122 0.28861 0.130952
2 0.838649 0.248676 0.3172 0.261822
2 0.230928 0.679436 0.425463 0.187265
0 0.654548 0.39148 0.0909117 0.057773
2 0.295124 0.69211 0.438202 0.183425
2 0.365174 0.24202 0.245623 0.295966
2 0.326618 0.715745 0.573598 0.191193
1 0.346387 0.0238612 0.175087 0.0477224
0 0.883046 0.53293 0.0801506 0.0482516
2 0.381213 0.214192 0.242864 0.232884
2 0.154372 0.663344 0.293748 0.185719
2 0.837694 0.340543 0.313668 0.347438
0 0.953425 0.624594 0.0931501 0.080976
2 0.314209 0.243559 0.338644 0.305872
