2 0.850385 0.487912 0.264349 0.224372
2 0.848989 0.523212 0.258542 0.144226
1 0.55333 0.533401 0.254404 0.10642
1 0.372557 0.494772 0.19777 0.100998
1 0.360954 0.659968 0.109782 0.0619059
2 0.093844 0.776311 0.187117 0.238476
1 0.596743 0.535003 0.103084 0.0563188
2 0.830742 0.430862 0.180953 0.113364
2 0.649762 0.21527 0.350715 0.110418
1 0.38152 0.499685 0.233289 0.128966
1 0.691197 0.107004 0.204254 0.0921034
1 0.630093 0.104014 0.294948 0.101147
1 0.777448 0.298668 0.194319 0.0949274
1 0.598159 0.639988 0.161226 0.0801899
1 0.382494 0.483966 0.165952 0.0790409
1 0.673294 0.117981 0.155469 0.0676189
1 0.964069 0.508227 0.0717626 0.0639822
