1 0.181368 0.263977 0.0807391 0.0948093
2 0.463086 0.113535 0.234029 0.197142
2 0.582078 0.371379 0.255209 0.147988
1 0.299678 0.276658 0.115508 0.129694
1 0.181492 0.264788 0.104637 0.116862
2 0.678496 0.168465 0.214394 0.156453
1 0.260822 0.270994 0.18195 0.150825
1 0.17981 0.272058 0.0641298 0.0828984
1 0.308166 0.27589 0.0684901 0.0872777
2 0.482512 0.0906712 0.230885 0.163843
1 0.191438 0.270594 0.0747958 0.0910526
1 0.174341 0.275301 0.0804008 0.101427
2 0.726061 0.166164 0.104766 0.100278
